total_iteration =

     1953125

Elapsed time is 48186.647301 seconds.